RES ALA A   1    64.46  59.3   7.49  11.6  56.97 129.6  23.82  33.6  40.63 107.6
RES THR A   2    72.75  51.7  70.19  71.2   2.56   6.1  36.69  49.3  36.07  54.5
RES LYS A   3    65.90  32.1  63.71  39.1   2.19   5.2  24.03  21.6  41.87  44.6
RES ALA A   4     0.02   0.0   0.00   0.0   0.02   0.0   0.00   0.0   0.02   0.1
RES VAL A   5     1.91   1.3   1.35   1.2   0.56   1.4   1.35   1.2   0.56   1.5
RES ALA A   6     0.61   0.6   0.00   0.0   0.61   1.4   0.61   0.9   0.00   0.0
RES VAL A   7    29.66  19.5  20.59  18.6   9.07  21.8  20.59  17.9   9.07  24.6
RES LEU A   8     0.04   0.0   0.00   0.0   0.04   0.1   0.00   0.0   0.04   0.1
RES LYS A   9   118.24  57.7 110.27  67.7   7.97  19.0  81.69  73.5  36.55  38.9
RES GLY A  10    33.18  40.9   0.00   N/A  33.18  40.9  14.19  38.9  18.99  42.5
RES ASP A  11   161.20 112.9 115.32 114.8  45.88 108.5  44.61 105.0 116.59 116.3
RES GLY A  12    49.15  60.6   0.00   N/A  49.15  60.6  29.80  81.8  19.35  43.3
RES PRO A  13   103.83  75.7  83.47  76.1  20.36  74.0  95.38  78.7   8.45  52.5
RES VAL A  14     9.30   6.1   8.73   7.9   0.58   1.4   8.73   7.6   0.58   1.6
RES GLN A  15    59.91  33.5  59.91  43.8   0.00   0.0   5.56  11.8  54.35  41.2
RES GLY A  16     7.50   9.3   0.00   N/A   7.50   9.3   5.38  14.8   2.12   4.8
RES ILE A  17    68.77  39.1  64.20  47.8   4.56  11.0  64.20  46.2   4.56  12.4
RES ILE A  18     0.00   0.0   0.00   0.0   0.00   0.0   0.00   0.0   0.00   0.0
RES ASN A  19    40.99  28.3  40.99  39.6   0.00   0.0   0.52   1.3  40.47  39.1
RES PHE A  20     0.00   0.0   0.00   0.0   0.00   0.0   0.00   0.0   0.00   0.0
RES GLU A  21    30.54  17.5  30.54  23.1   0.00   0.0   0.25   0.5  30.29  24.7
RES GLN A  22     5.43   3.0   2.57   1.9   2.86   6.8   0.64   1.4   4.79   3.6
RES LYS A  23   127.47  62.2 103.23  63.3  24.24  57.7  96.25  86.6  31.22  33.3
RES GLU A  24   121.38  69.7 113.25  85.7   8.14  19.4  47.88  92.6  73.50  60.0
RES SER A  25    85.07  71.9  61.54  82.1  23.53  54.2  35.76  76.1  49.31  69.1
RES ASN A  26   140.13  96.6 104.79 101.3  35.35  85.1  45.62 109.8  94.51  91.4
RES GLY A  27    21.80  26.9   0.00   N/A  21.80  26.9  16.18  44.4   5.62  12.6
RES PRO A  28    52.70  38.4  49.67  45.3   3.03  11.0  49.67  41.0   3.03  18.8
RES VAL A  29     0.00   0.0   0.00   0.0   0.00   0.0   0.00   0.0   0.00   0.0
RES LYS A  30    83.50  40.7  83.50  51.2   0.00   0.0  36.75  33.1  46.75  49.8
RES VAL A  31     0.75   0.5   0.00   0.0   0.75   1.8   0.00   0.0   0.75   2.0
RES TRP A  32    98.27  39.4  98.27  47.6   0.00   0.0  74.77  39.9  23.50  38.1
RES GLY A  33    15.79  19.5   0.00   N/A  15.79  19.5  14.41  39.5   1.39   3.1
RES SER A  34    34.31  29.0  28.91  38.6   5.40  12.4  18.79  40.0  15.52  21.7
RES ILE A  35     0.00   0.0   0.00   0.0   0.00   0.0   0.00   0.0   0.00   0.0
RES LYS A  36   101.70  49.6 101.70  62.4   0.00   0.0  64.45  58.0  37.25  39.7
RES GLY A  37    36.77  45.4   0.00   N/A  36.77  45.4  21.51  59.0  15.26  34.2
RES LEU A  38     9.89   5.5   0.00   0.0   9.89  24.9   0.33   0.2   9.56  25.7
RES THR A  39   102.01  72.6  93.49  94.8   8.52  20.3  88.33 118.6  13.68  20.7
RES GLU A  40   116.01  66.6  85.94  65.0  30.07  71.6  26.97  52.2  89.04  72.7
RES GLY A  41    24.30  30.0   0.00   N/A  24.30  30.0  24.30  66.7   0.00   0.0
RES LEU A  42    86.33  48.1  73.91  52.9  12.41  31.2  73.91  51.9  12.41  33.4
RES HIS A  43     4.90   2.7   4.90   3.4   0.00   0.0   4.68   4.8   0.22   0.3
RES GLY A  44     0.00   0.0   0.00   N/A   0.00   0.0   0.00   0.0   0.00   0.0
RES PHE A  45     0.09   0.0   0.09   0.1   0.00   0.0   0.09   0.1   0.00   0.0
RES HIS A  46     0.00   0.0   0.00   0.0   0.00   0.0   0.00   0.0   0.00   0.0
RES VAL A  47     0.00   0.0   0.00   0.0   0.00   0.0   0.00   0.0   0.00   0.0
RES HIS A  48     4.33   2.4   4.33   3.0   0.00   0.0   4.33   4.5   0.00   0.0
RES GLU A  49    51.00  29.3  51.00  38.6   0.00   0.0   2.72   5.3  48.28  39.4
RES PHE A  50    16.16   8.1  16.16  10.0   0.00   0.0  16.16   9.8   0.00   0.0
RES GLY A  51     1.43   1.8   0.00   N/A   1.43   1.8   0.00   0.0   1.43   3.2
RES ASP A  52     9.13   6.4   9.13   9.1   0.00   0.0   0.23   0.5   8.90   8.9
RES ASN A  53    36.84  25.4  30.28  29.3   6.57  15.8  12.93  31.1  23.91  23.1
RES THR A  54    12.14   8.6  11.37  11.5   0.76   1.8  10.07  13.5   2.07   3.1
RES ALA A  55     1.41   1.3   0.00   0.0   1.41   3.2   0.00   0.0   1.41   3.7
RES GLY A  56    28.13  34.7   0.00   N/A  28.13  34.7  24.92  68.4   3.21   7.2
RES CYS A  57    15.71  11.9  10.29  11.5   5.41  12.7   4.58  11.6  11.13  12.0
RES THR A  58    64.49  45.9  57.47  58.3   7.03  16.7  40.26  54.1  24.24  36.6
RES SER A  59     1.17   1.0   0.00   0.0   1.17   2.7   0.00   0.0   1.17   1.6
RES ALA A  60     0.00   0.0   0.00   0.0   0.00   0.0   0.00   0.0   0.00   0.0
RES GLY A  61     3.83   4.7   0.00   N/A   3.83   4.7   3.83  10.5   0.00   0.0
RES PRO A  62    75.38  54.9  66.71  60.8   8.67  31.5  74.67  61.6   0.72   4.5
RES HIS A  63    11.10   6.1   3.60   2.5   7.51  19.2   2.22   2.3   8.89  10.3
RES PHE A  64     8.09   4.0   8.09   5.0   0.00   0.0   8.09   4.9   0.00   0.0
RES ASN A  65    40.14  27.7  26.22  25.3  13.92  33.5   9.12  22.0  31.02  30.0
RES PRO A  66    43.16  31.5   6.48   5.9  36.68 133.3  18.01  14.9  25.14 156.3
RES LEU A  67    94.81  52.8  71.66  51.3  23.16  58.2  79.96  56.2  14.85  40.0
RES SER A  68    74.53  63.0  47.72  63.7  26.81  61.8  27.43  58.4  47.10  66.0
RES ARG A  69    90.31  37.9  82.06  41.8   8.25  19.6   8.45  11.5  81.86  49.6
RES LYS A  70    99.34  48.5  96.70  59.3   2.64   6.3  59.04  53.1  40.30  42.9
RES HIS A  71     4.94   2.7   0.00   0.0   4.94  12.6   0.00   0.0   4.94   5.7
RES GLY A  72     0.56   0.7   0.00   N/A   0.56   0.7   0.56   1.5   0.00   0.0
RES GLY A  73     0.84   1.0   0.00   N/A   0.84   1.0   0.84   2.3   0.00   0.0
RES PRO A  74    32.41  23.6  26.21  23.9   6.20  22.6  26.21  21.6   6.20  38.6
RES LYS A  75   171.37  83.6 138.85  85.2  32.52  77.4  93.31  84.0  78.05  83.1
RES ASP A  76    38.26  26.8  22.23  22.1  16.03  37.9   8.62  20.3  29.64  29.6
RES GLU A  77   151.86  87.2 137.09 103.7  14.77  35.2  59.16 114.4  92.70  75.7
RES GLU A  78    70.38  40.4  68.54  51.9   1.84   4.4  35.37  68.4  35.01  28.6
RES ARG A  79     6.81   2.9   3.97   2.0   2.83   6.7   3.82   5.2   2.99   1.8
RES HIS A  80    11.88   6.5  11.18   7.8   0.69   1.8   5.04   5.2   6.83   8.0
RES VAL A  81     4.40   2.9   4.40   4.0   0.00   0.0   4.40   3.8   0.00   0.0
RES GLY A  82     0.00   0.0   0.00   N/A   0.00   0.0   0.00   0.0   0.00   0.0
RES ASP A  83     0.00   0.0   0.00   0.0   0.00   0.0   0.00   0.0   0.00   0.0
RES LEU A  84     2.10   1.2   0.00   0.0   2.10   5.3   0.00   0.0   2.10   5.7
RES GLY A  85     2.04   2.5   0.00   N/A   2.04   2.5   2.04   5.6   0.00   0.0
RES ASN A  86    43.07  29.7  16.30  15.8  26.77  64.5   6.51  15.7  36.56  35.3
RES VAL A  87     6.83   4.5   2.86   2.6   3.97   9.6   6.83   5.9   0.00   0.0
RES THR A  88    82.40  58.6  72.01  73.0  10.39  24.7  53.14  71.4  29.26  44.2
RES ALA A  89     2.44   2.2   0.00   0.0   2.44   5.5   0.00   0.0   2.44   6.5
RES ASP A  90    65.90  46.2  57.43  57.2   8.47  20.0  34.77  81.8  31.12  31.0
RES LYS A  91   163.36  79.7 134.07  82.3  29.29  69.7  88.73  79.9  74.63  79.5
RES ASP A  92   102.47  71.8  69.62  69.3  32.85  77.7  26.18  61.6  76.29  76.1
RES GLY A  93     3.32   4.1   0.00   N/A   3.32   4.1   3.05   8.4   0.27   0.6
RES VAL A  94    56.16  37.0  51.90  47.0   4.26  10.3  51.90  45.1   4.26  11.6
RES ALA A  95     0.02   0.0   0.00   0.0   0.02   0.0   0.02   0.0   0.00   0.0
RES ASP A  96   113.72  79.7  90.64  90.2  23.08  54.6  34.63  81.5  79.09  78.9
RES VAL A  97     9.31   6.1   1.89   1.7   7.42  17.9   4.72   4.1   4.59  12.4
RES SER A  98   105.65  89.3  74.62  99.6  31.02  71.5  43.65  93.0  62.00  86.9
RES ILE A  99    35.05  19.9  22.00  16.4  13.05  31.5  30.07  21.7   4.98  13.5
RES GLU A 100   106.16  60.9  97.72  73.9   8.44  20.1  35.30  68.3  70.86  57.9
RES ASP A 101     4.04   2.8   1.77   1.8   2.27   5.4   2.27   5.3   1.77   1.8
RES SER A 102    88.04  74.4  55.96  74.7  32.08  73.9  39.09  83.2  48.95  68.6
RES VAL A 103    47.51  31.3  43.33  39.2   4.18  10.1  45.77  39.8   1.74   4.7
RES ILE A 104     2.72   1.5   0.00   0.0   2.72   6.6   0.00   0.0   2.72   7.4
RES SER A 105    11.15   9.4  11.15  14.9   0.00   0.0   9.21  19.6   1.94   2.7
RES LEU A 106     5.52   3.1   0.00   0.0   5.52  13.9   0.00   0.0   5.52  14.9
RES SER A 107    43.24  36.5  32.03  42.7  11.21  25.8  33.38  71.1   9.86  13.8
RES GLY A 108    61.74  76.1   0.00   N/A  61.74  76.1  43.60 119.6  18.14  40.6
RES ASP A 109    99.91  70.0  71.89  71.6  28.02  66.2  49.82 117.2  50.09  50.0
RES HIS A 110    42.32  23.1  41.46  28.8   0.86   2.2  29.33  30.2  13.00  15.1
RES SER A 111    20.38  17.2  20.24  27.0   0.14   0.3  12.89  27.5   7.48  10.5
RES ILE A 112     0.00   0.0   0.00   0.0   0.00   0.0   0.00   0.0   0.00   0.0
RES ILE A 113    15.21   8.7  10.88   8.1   4.33  10.4  10.88   7.8   4.33  11.8
RES GLY A 114     0.00   0.0   0.00   N/A   0.00   0.0   0.00   0.0   0.00   0.0
RES ARG A 115    31.10  13.1  31.10  15.9   0.00   0.0   0.00   0.0  31.10  18.8
RES THR A 116     0.00   0.0   0.00   0.0   0.00   0.0   0.00   0.0   0.00   0.0
RES LEU A 117     0.00   0.0   0.00   0.0   0.00   0.0   0.00   0.0   0.00   0.0
RES VAL A 118     0.00   0.0   0.00   0.0   0.00   0.0   0.00   0.0   0.00   0.0
RES VAL A 119     0.00   0.0   0.00   0.0   0.00   0.0   0.00   0.0   0.00   0.0
RES HIS A 120     6.11   3.3   6.11   4.2   0.00   0.0   6.11   6.3   0.00   0.0
RES GLU A 121    70.54  40.5  65.93  49.9   4.61  11.0  21.89  42.3  48.65  39.7
RES LYS A 122   119.22  58.2 112.91  69.3   6.31  15.0  62.30  56.1  56.92  60.6
RES ALA A 123    40.15  36.9  29.70  45.8  10.45  23.8  29.70  41.8  10.45  27.7
RES ASP A 124     5.06   3.5   0.00   0.0   5.06  12.0   0.00   0.0   5.06   5.0
RES ASP A 125    43.22  30.3  24.93  24.8  18.29  43.2  36.46  85.8   6.76   6.7
RES LEU A 126    64.84  36.1  64.84  46.4   0.00   0.0  64.84  45.5   0.00   0.0
RES GLY A 127     9.24  11.4   0.00   N/A   9.24  11.4   1.40   3.8   7.84  17.6
RES LYS A 128   158.45  77.3 122.50  75.2  35.95  85.6  88.02  79.2  70.44  75.0
RES GLY A 129    41.25  50.9   0.00   N/A  41.25  50.9  14.06  38.6  27.19  60.9
RES GLY A 130    64.47  79.5   0.00   N/A  64.47  79.5  40.50 111.1  23.97  53.7
RES ASN A 131    78.52  54.2  58.79  56.8  19.74  47.5  42.27 101.7  36.25  35.0
RES GLU A 132    85.87  49.3  77.09  58.3   8.78  20.9  43.30  83.8  42.57  34.8
RES GLU A 133    63.62  36.5  61.48  46.5   2.15   5.1  28.68  55.5  34.94  28.5
RES SER A 134     0.00   0.0   0.00   0.0   0.00   0.0   0.00   0.0   0.00   0.0
RES THR A 135    38.92  27.7  35.35  35.8   3.57   8.5  28.42  38.2  10.50  15.9
RES LYS A 136    71.74  35.0  65.12  40.0   6.62  15.8  39.07  35.2  32.67  34.8
RES THR A 137    47.56  33.8  47.56  48.2   0.00   0.0  45.78  61.5   1.78   2.7
RES GLY A 138     0.00   0.0   0.00   N/A   0.00   0.0   0.00   0.0   0.00   0.0
RES ASN A 139    53.92  37.2  45.14  43.6   8.78  21.1  25.88  62.3  28.05  27.1
RES ALA A 140     0.21   0.2   0.21   0.3   0.00   0.0   0.21   0.3   0.00   0.0
RES GLY A 141    40.94  50.5   0.00   N/A  40.94  50.5  23.87  65.5  17.07  38.2
RES SER A 142    57.45  48.5  44.87  59.9  12.58  29.0  29.68  63.2  27.77  38.9
RES ARG A 143    75.59  31.7  53.55  27.3  22.03  52.5  12.11  16.6  63.48  38.5
RES LEU A 144    49.43  27.5  40.26  28.8   9.17  23.0  41.50  29.1   7.93  21.3
RES ALA A 145     0.00   0.0   0.00   0.0   0.00   0.0   0.00   0.0   0.00   0.0
RES CYS A 146     7.06   5.3   1.34   1.5   5.73  13.5   0.00   0.0   7.06   7.6
RES GLY A 147     6.83   8.4   0.00   N/A   6.83   8.4   6.83  18.7   0.00   0.0
RES VAL A 148    21.78  14.3  11.74  10.6  10.03  24.2  11.74  10.2  10.03  27.2
RES ILE A 149     0.00   0.0   0.00   0.0   0.00   0.0   0.00   0.0   0.00   0.0
RES GLY A 150     0.00   0.0   0.00   N/A   0.00   0.0   0.00   0.0   0.00   0.0
RES ILE A 151    27.78  15.8  27.78  20.7   0.00   0.0  27.78  20.0   0.00   0.0
RES ALA A 152    13.49  12.4   3.12   4.8  10.37  23.6   3.12   4.4  10.37  27.5
RES GLN A 153   173.35  96.9 123.17  90.0  50.18 119.5  43.30  92.2 130.05  98.6